7	1.38629	2	1	0	1	200
180	160	140	120	100	80	60
40	20	0	7	1.38629	2	1	0	201	400
380	360	340	320	300	280	260
240	220	200	7	1.38629	2	1	0	401	600
580	560	540	520	500	480	460
440	420	400	7	1.38629	2	1	0	601	800
780	760	740	720	700	680	660
640	620	600	7	1.38629	2	1	0	801	1000
980	960	940	920	900	880	860
840	820	800	7	1.38629	2	1	0	1001	1200
1180	1160	1140	1120	1100	1080	1060
1040	1020	1000	7	1.38629	2	1	0	1201	1400
1380	1360	1340	1320	1300	1280	1260
1240	1220	1200	7	1.38629	2	1	0	1401	1600
1580	1560	1540	1520	1500	1480	1460
1440	1420	1400	7	1.38629	2	2	0	1	200
180	160	140	120	100	80	60
40	20	0	7	1.38629	2	2	0	201	400
380	360	340	320	300	280	260
240	220	200	7	1.38629	2	2	0	401	600
580	560	540	520	500	480	460
440	420	400	7	1.38629	2	2	0	601	800
780	760	740	720	700	680	660
640	620	600	7	1.38629	2	2	0	801	1000
980	960	940	920	900	880	860
840	820	800	7	1.38629	2	2	0	1001	1200
1180	1160	1140	1120	1100	1080	1060
1040	1020	1000	7	1.38629	2	2	0	1201	1400
1380	1360	1340	1320	1300	1280	1260
1240	1220	1200	7	1.38629	2	2	0	1401	1600
1580	1560	1540	1520	1500	1480	1460
1440	1420	1400	7	1.38629	2	3	0	1	200
180	160	140	120	100	80	60
40	20	0	7	1.38629	2	3	0	201	400
380	360	340	320	300	280	260
240	220	200	7	1.38629	2	3	0	401	600
580	560	540	520	500	480	460
440	420	400	7	1.38629	2	3	0	601	800
780	760	740	720	700	680	660
640	620	600	7	1.38629	2	3	0	801	1000
980	960	940	920	900	880	860
840	820	800	7	1.38629	2	3	0	1001	1200
1180	1160	1140	1120	1100	1080	1060
1040	1020	1000	7	1.38629	2	3	0	1201	1400
1380	1360	1340	1320	1300	1280	1260
1240	1220	1200	7	1.38629	2	3	0	1401	1600
1580	1560	1540	1520	1500	1480	1460
1440	1420	1400	7	1.38629	2	5	0	1	200
180	160	140	120	100	80	60
40	20	0	7	1.38629	2	5	0	201	400
380	360	340	320	300	280	260
240	220	200	7	1.38629	2	5	0	401	600
580	560	540	520	500	480	460
440	420	400	7	1.38629	2	5	0	601	800
780	760	740	720	700	680	660
640	620	600	7	1.38629	2	5	0	801	1000
980	960	940	920	900	880	860
840	820	800	7	1.38629	2	5	0	1001	1200
1180	1160	1140	1120	1100	1080	1060
1040	1020	1000	7	1.38629	2	5	0	1201	1400
1380	1360	1340	1320	1300	1280	1260
1240	1220	1200	7	1.38629	2	5	0	1401	1600
1580	1560	1540	1520	1500	1480	1460
1440	1420	1400	7	1.38629	2	7	0	1	200
180	160	140	120	100	80	60
40	20	0	7	1.38629	2	7	0	201	400
380	360	340	320	300	280	260
240	220	200	7	1.38629	2	7	0	401	600
580	560	540	520	500	480	460
440	420	400	7	1.38629	2	7	0	601	800
780	760	740	720	700	680	660
640	620	600	7	1.38629	2	7	0	801	1000
980	960	940	920	900	880	860
840	820	800	7	1.38629	2	7	0	1001	1200
1180	1160	1140	1120	1100	1080	1060
1040	1020	1000	7	1.38629	2	7	0	1201	1400
1380	1360	1340	1320	1300	1280	1260
1240	1220	1200	7	1.38629	2	7	0	1401	1600
1580	1560	1540	1520	1500	1480	1460
1440	1420	1400	7	1.38629	2	10	0	1	200
180	160	140	120	100	80	60
40	20	0	7	1.38629	2	10	0	201	400
380	360	340	320	300	280	260
240	220	200	7	1.38629	2	10	0	401	600
580	560	540	520	500	480	460
440	420	400	7	1.38629	2	10	0	601	800
780	760	740	720	700	680	660
640	620	600	7	1.38629	2	10	0	801	1000
980	960	940	920	900	880	860
840	820	800	7	1.38629	2	10	0	1001	1200
1180	1160	1140	1120	1100	1080	1060
1040	1020	1000	7	1.38629	2	10	0	1201	1400
1380	1360	1340	1320	1300	1280	1260
1240	1220	1200	7	1.38629	2	10	0	1401	1600
1580	1560	1540	1520	1500	1480	1460
1440	1420	1400	7	1.38629	2	14	0	1	200
180	160	140	120	100	80	60
40	20	0	7	1.38629	2	14	0	201	400
380	360	340	320	300	280	260
240	220	200	7	1.38629	2	14	0	401	600
580	560	540	520	500	480	460
440	420	400	7	1.38629	2	14	0	601	800
780	760	740	720	700	680	660
640	620	600	7	1.38629	2	14	0	801	1000
980	960	940	920	900	880	860
840	820	800	7	1.38629	2	14	0	1001	1200
1180	1160	1140	1120	1100	1080	1060
1040	1020	1000	7	1.38629	2	14	0	1201	1400
1380	1360	1340	1320	1300	1280	1260
1240	1220	1200	7	1.38629	2	14	0	1401	1600
1580	1560	1540	1520	1500	1480	1460
1440	1420	1400	7	1.38629	2	1	0	1	200
180	160	140	120	100	80	60
40	20	0	7	1.38629	2	1	0	201	400
380	360	340	320	300	280	260
240	220	200	7	1.38629	2	1	0	401	600
580	560	540	520	500	480	460
440	420	400	7	1.38629	2	1	0	601	800
780	760	740	720	700	680	660
640	620	600	7	1.38629	2	1	0	801	1000
980	960	940	920	900	880	860
840	820	800	7	1.38629	2	1	0	1001	1200
1180	1160	1140	1120	1100	1080	1060
1040	1020	1000	7	1.38629	2	1	0	1201	1400
1380	1360	1340	1320	1300	1280	1260
1240	1220	1200	7	1.38629	2	2	0	1	200
180	160	140	120	100	80	60
40	20	0	7	1.38629	2	2	0	201	400
380	360	340	320	300	280	260
240	220	200	7	1.38629	2	2	0	401	600
580	560	540	520	500	480	460
440	420	400	7	1.38629	2	2	0	601	800
780	760	740	720	700	680	660
640	620	600	7	1.38629	2	2	0	801	1000
980	960	940	920	900	880	860
840	820	800	7	1.38629	2	2	0	1001	1200
1180	1160	1140	1120	1100	1080	1060
1040	1020	1000	7	1.38629	2	2	0	1201	1400
1380	1360	1340	1320	1300	1280	1260
1240	1220	1200	7	1.38629	2	3	0	1	200
180	160	140	120	100	80	60
40	20	0	7	1.38629	2	3	0	201	400
380	360	340	320	300	280	260
240	220	200	7	1.38629	2	3	0	401	600
580	560	540	520	500	480	460
440	420	400	7	1.38629	2	3	0	601	800
780	760	740	720	700	680	660
640	620	600	7	1.38629	2	3	0	801	1000
980	960	940	920	900	880	860
840	820	800	7	1.38629	2	3	0	1001	1200
1180	1160	1140	1120	1100	1080	1060
1040	1020	1000	7	1.38629	2	3	0	1201	1400
1380	1360	1340	1320	1300	1280	1260
1240	1220	1200	7	1.38629	2	5	0	1	200
180	160	140	120	100	80	60
40	20	0	7	1.38629	2	5	0	201	400
380	360	340	320	300	280	260
240	220	200	7	1.38629	2	5	0	401	600
580	560	540	520	500	480	460
440	420	400	7	1.38629	2	5	0	601	800
780	760	740	720	700	680	660
640	620	600	7	1.38629	2	5	0	801	1000
980	960	940	920	900	880	860
840	820	800	7	1.38629	2	5	0	1001	1200
1180	1160	1140	1120	1100	1080	1060
1040	1020	1000	7	1.38629	2	5	0	1201	1400
1380	1360	1340	1320	1300	1280	1260
1240	1220	1200	7	1.38629	2	7	0	1	200
180	160	140	120	100	80	60
40	20	0	7	1.38629	2	7	0	201	400
380	360	340	320	300	280	260
240	220	200	7	1.38629	2	7	0	401	600
580	560	540	520	500	480	460
440	420	400	7	1.38629	2	7	0	601	800
780	760	740	720	700	680	660
640	620	600	7	1.38629	2	7	0	801	1000
980	960	940	920	900	880	860
840	820	800	7	1.38629	2	7	0	1001	1200
1180	1160	1140	1120	1100	1080	1060
1040	1020	1000	7	1.38629	2	7	0	1201	1400
1380	1360	1340	1320	1300	1280	1260
1240	1220	1200	7	1.38629	2	10	0	1	200
180	160	140	120	100	80	60
40	20	0	7	1.38629	2	10	0	201	400
380	360	340	320	300	280	260
240	220	200	7	1.38629	2	10	0	401	600
580	560	540	520	500	480	460
440	420	400	7	1.38629	2	10	0	601	800
780	760	740	720	700	680	660
640	620	600	7	1.38629	2	10	0	801	1000
980	960	940	920	900	880	860
840	820	800	7	1.38629	2	10	0	1001	1200
1180	1160	1140	1120	1100	1080	1060
1040	1020	1000	7	1.38629	2	10	0	1201	1400
1380	1360	1340	1320	1300	1280	1260
1240	1220	1200	7	1.38629	2	14	0	1	200
180	160	140	120	100	80	60
40	20	0	7	1.38629	2	14	0	201	400
380	360	340	320	300	280	260
240	220	200	7	1.38629	2	14	0	401	600
580	560	540	520	500	480	460
440	420	400	7	1.38629	2	14	0	601	800
780	760	740	720	700	680	660
640	620	600	7	1.38629	2	14	0	801	1000
980	960	940	920	900	880	860
840	820	800	7	1.38629	2	14	0	1001	1200
1180	1160	1140	1120	1100	1080	1060
1040	1020	1000	7	1.38629	2	14	0	1201	1400
1380	1360	1340	1320	1300	1280	1260
1240	1220	1200	